layout_spectrum: 0.3493188
typography_spectrum: 0.07247842
color:
  saturation: 0.417432
  lightness: 0.9330565
  brandStrength: 0.3384737
  rhythmicContrast: 0.8037608
name: Hunt Made
